# 2@0, MIB reset
rx|0001|4f|0a|0002|0000|00|80 03 4f 0a 00 02 00 00 00 00 00 00 00 00 00 00 00 00 00 00 00 00 00 00 00 00 00 00 00 00 00 00 00 00 00 00 00 00 00 00 00 00 00 28 97 49 08 de 
rx|0001|4f|0a|0002|0000|00|00 01 4f 0a 00 02 00 00 00 00 00 00 00 00 00 00 00 00 00 00 00 00 00 00 00 00 00 00 00 00 00 00 00 00 00 00 00 00 00 00 00 00 00 28 09 12 73 29 
rx|0002|48|0a|0100|0000|00|00 02 48 0a 01 00 00 00 04 00 00 00 00 00 00 00 00 00 00 00 00 00 00 00 00 00 00 00 00 00 00 00 00 00 00 00 00 00 00 00 00 00 00 28 bd 34 ee f7 
rx|0003|49|0a|0100|0000|00|00 03 49 0a 01 00 00 00 d5 00 00 00 00 00 00 00 00 00 00 00 00 00 00 00 00 00 00 00 00 00 00 00 00 00 00 00 00 00 00 00 00 00 00 28 71 26 eb aa 
rx|0004|49|0a|0101|0000|00|00 04 49 0a 01 01 00 00 f8 00 00 00 00 00 00 00 00 00 00 00 00 00 00 00 00 00 00 00 00 00 00 00 00 00 00 00 00 00 00 00 00 00 00 28 17 dc e8 75 
rx|0005|49|0a|0107|8001|00|00 05 49 0a 01 07 80 01 f8 00 00 00 00 00 00 00 00 00 00 00 00 00 00 00 00 00 00 00 00 00 00 00 00 00 00 00 00 00 00 00 00 00 00 28 c6 f0 2d be 
rx|0006|49|0a|0007|0000|00|00 06 49 0a 00 07 00 00 f0 00 00 00 00 00 00 00 00 00 00 00 00 00 00 00 00 00 00 00 00 00 00 00 00 00 00 00 00 00 00 00 00 00 00 28 f4 fa d7 97 
rx|0007|49|0a|0007|0001|00|00 07 49 0a 00 07 00 01 f0 00 00 00 00 00 00 00 00 00 00 00 00 00 00 00 00 00 00 00 00 00 00 00 00 00 00 00 00 00 00 00 00 00 00 28 4c 2e ee 78 
rx|0008|48|0a|0106|8003|00|00 08 48 0a 01 06 80 03 80 00 03 03 00 00 00 00 00 00 00 00 00 00 00 00 00 00 00 00 00 00 00 00 00 00 00 00 00 00 00 00 00 00 00 28 ff b1 79 a8 
rx|0009|48|0a|0106|8000|00|00 09 48 0a 01 06 80 00 80 00 02 03 00 00 00 00 00 00 00 00 00 00 00 00 00 00 00 00 00 00 00 00 00 00 00 00 00 00 00 00 00 00 00 28 70 98 c2 e2 
rx|000a|48|0a|0106|8001|00|00 0a 48 0a 01 06 80 01 80 00 01 83 00 00 00 00 00 00 00 00 00 00 00 00 00 00 00 00 00 00 00 00 00 00 00 00 00 00 00 00 00 00 00 28 74 b7 43 c4 
rx|000b|48|0a|0106|8004|00|00 0b 48 0a 01 06 80 04 80 00 02 83 00 00 00 00 00 00 00 00 00 00 00 00 00 00 00 00 00 00 00 00 00 00 00 00 00 00 00 00 00 00 00 28 39 4b fc 0e 
rx|000c|49|0a|0115|8000|00|00 0c 49 0a 01 15 80 00 c7 00 00 00 00 00 00 00 00 00 00 00 00 00 00 00 00 00 00 00 00 00 00 00 00 00 00 00 00 00 00 00 00 00 00 28 89 4e 5a c8 
rx|000d|49|0a|0115|8001|00|00 0d 49 0a 01 15 80 01 c7 00 00 00 00 00 00 00 00 00 00 00 00 00 00 00 00 00 00 00 00 00 00 00 00 00 00 00 00 00 00 00 00 00 00 28 31 9a 63 27 
rx|000e|49|0a|0115|8002|00|00 0e 49 0a 01 15 80 02 c7 00 00 00 00 00 00 00 00 00 00 00 00 00 00 00 00 00 00 00 00 00 00 00 00 00 00 00 00 00 00 00 00 00 00 28 fc 27 34 a1 
rx|000f|49|0a|0115|8003|00|00 0f 49 0a 01 15 80 03 c7 00 00 00 00 00 00 00 00 00 00 00 00 00 00 00 00 00 00 00 00 00 00 00 00 00 00 00 00 00 00 00 00 00 00 28 44 f3 0d 4e 
rx|0010|49|0a|0115|8004|00|00 10 49 0a 01 15 80 04 c7 00 00 00 00 00 00 00 00 00 00 00 00 00 00 00 00 00 00 00 00 00 00 00 00 00 00 00 00 00 00 00 00 00 00 28 d7 7f 2e e5 
rx|0011|49|0a|0115|8005|00|00 11 49 0a 01 15 80 05 c7 00 00 00 00 00 00 00 00 00 00 00 00 00 00 00 00 00 00 00 00 00 00 00 00 00 00 00 00 00 00 00 00 00 00 28 6f ab 17 0a 
rx|0012|49|0a|0115|8006|00|00 12 49 0a 01 15 80 06 c7 00 00 00 00 00 00 00 00 00 00 00 00 00 00 00 00 00 00 00 00 00 00 00 00 00 00 00 00 00 00 00 00 00 00 28 a2 16 40 8c 
rx|0013|49|0a|0115|8007|00|00 13 49 0a 01 15 80 07 c7 00 00 00 00 00 00 00 00 00 00 00 00 00 00 00 00 00 00 00 00 00 00 00 00 00 00 00 00 00 00 00 00 00 00 28 1a c2 79 63 
rx|0014|49|0a|0115|8008|00|00 14 49 0a 01 15 80 08 c7 00 00 00 00 00 00 00 00 00 00 00 00 00 00 00 00 00 00 00 00 00 00 00 00 00 00 00 00 00 00 00 00 00 00 28 80 97 ce 71 
rx|0015|49|0a|0115|8009|00|00 15 49 0a 01 15 80 09 c7 00 00 00 00 00 00 00 00 00 00 00 00 00 00 00 00 00 00 00 00 00 00 00 00 00 00 00 00 00 00 00 00 00 00 28 38 43 f7 9e 
rx|0016|49|0a|0115|800a|00|00 16 49 0a 01 15 80 0a c7 00 00 00 00 00 00 00 00 00 00 00 00 00 00 00 00 00 00 00 00 00 00 00 00 00 00 00 00 00 00 00 00 00 00 28 f5 fe a0 18 
rx|0017|49|0a|0115|800b|00|00 17 49 0a 01 15 80 0b c7 00 00 00 00 00 00 00 00 00 00 00 00 00 00 00 00 00 00 00 00 00 00 00 00 00 00 00 00 00 00 00 00 00 00 28 4d 2a 99 f7 
rx|0018|49|0a|0115|800c|00|00 18 49 0a 01 15 80 0c c7 00 00 00 00 00 00 00 00 00 00 00 00 00 00 00 00 00 00 00 00 00 00 00 00 00 00 00 00 00 00 00 00 00 00 28 06 1b 8a f6 
rx|0019|49|0a|0115|800d|00|00 19 49 0a 01 15 80 0d c7 00 00 00 00 00 00 00 00 00 00 00 00 00 00 00 00 00 00 00 00 00 00 00 00 00 00 00 00 00 00 00 00 00 00 28 be cf b3 19 
rx|001a|49|0a|0115|800e|00|00 1a 49 0a 01 15 80 0e c7 00 00 00 00 00 00 00 00 00 00 00 00 00 00 00 00 00 00 00 00 00 00 00 00 00 00 00 00 00 00 00 00 00 00 28 73 72 e4 9f 
rx|001b|49|0a|0115|800f|00|00 1b 49 0a 01 15 80 0f c7 00 00 00 00 00 00 00 00 00 00 00 00 00 00 00 00 00 00 00 00 00 00 00 00 00 00 00 00 00 00 00 00 00 00 28 cb a6 dd 70 
rx|001c|49|0a|0115|8010|00|00 1c 49 0a 01 15 80 10 c7 00 00 00 00 00 00 00 00 00 00 00 00 00 00 00 00 00 00 00 00 00 00 00 00 00 00 00 00 00 00 00 00 00 00 28 2f 46 0f 59 
rx|001d|49|0a|0115|8011|00|00 1d 49 0a 01 15 80 11 c7 00 00 00 00 00 00 00 00 00 00 00 00 00 00 00 00 00 00 00 00 00 00 00 00 00 00 00 00 00 00 00 00 00 00 28 97 92 36 b6 
rx|001e|49|0a|0115|8012|00|00 1e 49 0a 01 15 80 12 c7 00 00 00 00 00 00 00 00 00 00 00 00 00 00 00 00 00 00 00 00 00 00 00 00 00 00 00 00 00 00 00 00 00 00 28 5a 2f 61 30 
rx|001f|49|0a|0115|8013|00|00 1f 49 0a 01 15 80 13 c7 00 00 00 00 00 00 00 00 00 00 00 00 00 00 00 00 00 00 00 00 00 00 00 00 00 00 00 00 00 00 00 00 00 00 28 e2 fb 58 df 
rx|0020|49|0a|0115|8014|00|00 20 49 0a 01 15 80 14 c7 00 00 00 00 00 00 00 00 00 00 00 00 00 00 00 00 00 00 00 00 00 00 00 00 00 00 00 00 00 00 00 00 00 00 28 c4 cc 07 97 
rx|0021|49|0a|0115|8015|00|00 21 49 0a 01 15 80 15 c7 00 00 00 00 00 00 00 00 00 00 00 00 00 00 00 00 00 00 00 00 00 00 00 00 00 00 00 00 00 00 00 00 00 00 28 7c 18 3e 78 
rx|0022|49|0a|0115|8016|00|00 22 49 0a 01 15 80 16 c7 00 00 00 00 00 00 00 00 00 00 00 00 00 00 00 00 00 00 00 00 00 00 00 00 00 00 00 00 00 00 00 00 00 00 28 b1 a5 69 fe 
rx|0023|49|0a|0115|8017|00|00 23 49 0a 01 15 80 17 c7 00 00 00 00 00 00 00 00 00 00 00 00 00 00 00 00 00 00 00 00 00 00 00 00 00 00 00 00 00 00 00 00 00 00 28 09 71 50 11 
rx|0024|49|0a|0115|8018|00|00 24 49 0a 01 15 80 18 c7 00 00 00 00 00 00 00 00 00 00 00 00 00 00 00 00 00 00 00 00 00 00 00 00 00 00 00 00 00 00 00 00 00 00 28 93 24 e7 03 
rx|0025|49|0a|0115|8019|00|00 25 49 0a 01 15 80 19 c7 00 00 00 00 00 00 00 00 00 00 00 00 00 00 00 00 00 00 00 00 00 00 00 00 00 00 00 00 00 00 00 00 00 00 28 2b f0 de ec 
rx|0026|49|0a|0115|801a|00|00 26 49 0a 01 15 80 1a c7 00 00 00 00 00 00 00 00 00 00 00 00 00 00 00 00 00 00 00 00 00 00 00 00 00 00 00 00 00 00 00 00 00 00 28 e6 4d 89 6a 
rx|0027|49|0a|0115|801b|00|00 27 49 0a 01 15 80 1b c7 00 00 00 00 00 00 00 00 00 00 00 00 00 00 00 00 00 00 00 00 00 00 00 00 00 00 00 00 00 00 00 00 00 00 28 5e 99 b0 85 
rx|0028|49|0a|0115|801c|00|00 28 49 0a 01 15 80 1c c7 00 00 00 00 00 00 00 00 00 00 00 00 00 00 00 00 00 00 00 00 00 00 00 00 00 00 00 00 00 00 00 00 00 00 28 15 a8 a3 84 
rx|0029|49|0a|0115|801d|00|00 29 49 0a 01 15 80 1d c7 00 00 00 00 00 00 00 00 00 00 00 00 00 00 00 00 00 00 00 00 00 00 00 00 00 00 00 00 00 00 00 00 00 00 28 ad 7c 9a 6b 
rx|002a|49|0a|0115|801e|00|00 2a 49 0a 01 15 80 1e c7 00 00 00 00 00 00 00 00 00 00 00 00 00 00 00 00 00 00 00 00 00 00 00 00 00 00 00 00 00 00 00 00 00 00 28 60 c1 cd ed 
rx|002b|49|0a|0115|801f|00|00 2b 49 0a 01 15 80 1f c7 00 00 00 00 00 00 00 00 00 00 00 00 00 00 00 00 00 00 00 00 00 00 00 00 00 00 00 00 00 00 00 00 00 00 28 d8 15 f4 02 
rx|002c|49|0a|0115|8020|00|00 2c 49 0a 01 15 80 20 c7 00 00 00 00 00 00 00 00 00 00 00 00 00 00 00 00 00 00 00 00 00 00 00 00 00 00 00 00 00 00 00 00 00 00 28 c1 9f ec 5d 
rx|002d|49|0a|0115|8021|00|00 2d 49 0a 01 15 80 21 c7 00 00 00 00 00 00 00 00 00 00 00 00 00 00 00 00 00 00 00 00 00 00 00 00 00 00 00 00 00 00 00 00 00 00 28 79 4b d5 b2 
rx|002e|49|0a|0115|8022|00|00 2e 49 0a 01 15 80 22 c7 00 00 00 00 00 00 00 00 00 00 00 00 00 00 00 00 00 00 00 00 00 00 00 00 00 00 00 00 00 00 00 00 00 00 28 b4 f6 82 34 
rx|002f|49|0a|0115|8023|00|00 2f 49 0a 01 15 80 23 c7 00 00 00 00 00 00 00 00 00 00 00 00 00 00 00 00 00 00 00 00 00 00 00 00 00 00 00 00 00 00 00 00 00 00 28 0c 22 bb db 
rx|0030|49|0a|0115|8024|00|00 30 49 0a 01 15 80 24 c7 00 00 00 00 00 00 00 00 00 00 00 00 00 00 00 00 00 00 00 00 00 00 00 00 00 00 00 00 00 00 00 00 00 00 28 9f ae 98 70 
rx|0031|49|0a|0115|8025|00|00 31 49 0a 01 15 80 25 c7 00 00 00 00 00 00 00 00 00 00 00 00 00 00 00 00 00 00 00 00 00 00 00 00 00 00 00 00 00 00 00 00 00 00 28 27 7a a1 9f 
rx|0032|49|0a|0115|8026|00|00 32 49 0a 01 15 80 26 c7 00 00 00 00 00 00 00 00 00 00 00 00 00 00 00 00 00 00 00 00 00 00 00 00 00 00 00 00 00 00 00 00 00 00 28 ea c7 f6 19 
rx|0033|49|0a|0115|8027|00|00 33 49 0a 01 15 80 27 c7 00 00 00 00 00 00 00 00 00 00 00 00 00 00 00 00 00 00 00 00 00 00 00 00 00 00 00 00 00 00 00 00 00 00 28 52 13 cf f6 
rx|0034|49|0a|0115|8028|00|00 34 49 0a 01 15 80 28 c7 00 00 00 00 00 00 00 00 00 00 00 00 00 00 00 00 00 00 00 00 00 00 00 00 00 00 00 00 00 00 00 00 00 00 28 c8 46 78 e4 
rx|0035|49|0a|0115|8029|00|00 35 49 0a 01 15 80 29 c7 00 00 00 00 00 00 00 00 00 00 00 00 00 00 00 00 00 00 00 00 00 00 00 00 00 00 00 00 00 00 00 00 00 00 28 70 92 41 0b 
rx|0036|49|0a|0115|802a|00|00 36 49 0a 01 15 80 2a c7 00 00 00 00 00 00 00 00 00 00 00 00 00 00 00 00 00 00 00 00 00 00 00 00 00 00 00 00 00 00 00 00 00 00 28 bd 2f 16 8d 
rx|0037|49|0a|0115|802b|00|00 37 49 0a 01 15 80 2b c7 00 00 00 00 00 00 00 00 00 00 00 00 00 00 00 00 00 00 00 00 00 00 00 00 00 00 00 00 00 00 00 00 00 00 28 05 fb 2f 62 
rx|0038|49|0a|0115|802c|00|00 38 49 0a 01 15 80 2c c7 00 00 00 00 00 00 00 00 00 00 00 00 00 00 00 00 00 00 00 00 00 00 00 00 00 00 00 00 00 00 00 00 00 00 28 4e ca 3c 63 
rx|0039|49|0a|0115|802d|00|00 39 49 0a 01 15 80 2d c7 00 00 00 00 00 00 00 00 00 00 00 00 00 00 00 00 00 00 00 00 00 00 00 00 00 00 00 00 00 00 00 00 00 00 28 f6 1e 05 8c 
rx|003a|49|0a|0115|802e|00|00 3a 49 0a 01 15 80 2e c7 00 00 00 00 00 00 00 00 00 00 00 00 00 00 00 00 00 00 00 00 00 00 00 00 00 00 00 00 00 00 00 00 00 00 28 3b a3 52 0a 
rx|003b|49|0a|0115|802f|00|00 3b 49 0a 01 15 80 2f c7 00 00 00 00 00 00 00 00 00 00 00 00 00 00 00 00 00 00 00 00 00 00 00 00 00 00 00 00 00 00 00 00 00 00 28 83 77 6b e5 
rx|003c|49|0a|0115|8030|00|00 3c 49 0a 01 15 80 30 c7 00 00 00 00 00 00 00 00 00 00 00 00 00 00 00 00 00 00 00 00 00 00 00 00 00 00 00 00 00 00 00 00 00 00 28 67 97 b9 cc 
rx|003d|49|0a|0115|8031|00|00 3d 49 0a 01 15 80 31 c7 00 00 00 00 00 00 00 00 00 00 00 00 00 00 00 00 00 00 00 00 00 00 00 00 00 00 00 00 00 00 00 00 00 00 28 df 43 80 23 
rx|003e|49|0a|0115|8032|00|00 3e 49 0a 01 15 80 32 c7 00 00 00 00 00 00 00 00 00 00 00 00 00 00 00 00 00 00 00 00 00 00 00 00 00 00 00 00 00 00 00 00 00 00 28 12 fe d7 a5 
rx|003f|49|0a|0115|8033|00|00 3f 49 0a 01 15 80 33 c7 00 00 00 00 00 00 00 00 00 00 00 00 00 00 00 00 00 00 00 00 00 00 00 00 00 00 00 00 00 00 00 00 00 00 28 aa 2a ee 4a 
rx|0040|49|0a|0115|8034|00|00 40 49 0a 01 15 80 34 c7 00 00 00 00 00 00 00 00 00 00 00 00 00 00 00 00 00 00 00 00 00 00 00 00 00 00 00 00 00 00 00 00 00 00 28 e3 aa 55 73 
rx|0041|49|0a|0115|8035|00|00 41 49 0a 01 15 80 35 c7 00 00 00 00 00 00 00 00 00 00 00 00 00 00 00 00 00 00 00 00 00 00 00 00 00 00 00 00 00 00 00 00 00 00 28 5b 7e 6c 9c 
rx|0042|49|0a|0115|8036|00|00 42 49 0a 01 15 80 36 c7 00 00 00 00 00 00 00 00 00 00 00 00 00 00 00 00 00 00 00 00 00 00 00 00 00 00 00 00 00 00 00 00 00 00 28 96 c3 3b 1a 
rx|0043|49|0a|0115|8037|00|00 43 49 0a 01 15 80 37 c7 00 00 00 00 00 00 00 00 00 00 00 00 00 00 00 00 00 00 00 00 00 00 00 00 00 00 00 00 00 00 00 00 00 00 28 2e 17 02 f5 
rx|0044|49|0a|0115|8038|00|00 44 49 0a 01 15 80 38 c7 00 00 00 00 00 00 00 00 00 00 00 00 00 00 00 00 00 00 00 00 00 00 00 00 00 00 00 00 00 00 00 00 00 00 28 b4 42 b5 e7 
rx|0045|49|0a|0115|8039|00|00 45 49 0a 01 15 80 39 c7 00 00 00 00 00 00 00 00 00 00 00 00 00 00 00 00 00 00 00 00 00 00 00 00 00 00 00 00 00 00 00 00 00 00 28 0c 96 8c 08 
rx|0046|49|0a|0115|803a|00|00 46 49 0a 01 15 80 3a c7 00 00 00 00 00 00 00 00 00 00 00 00 00 00 00 00 00 00 00 00 00 00 00 00 00 00 00 00 00 00 00 00 00 00 28 c1 2b db 8e 
rx|0047|49|0a|0115|803b|00|00 47 49 0a 01 15 80 3b c7 00 00 00 00 00 00 00 00 00 00 00 00 00 00 00 00 00 00 00 00 00 00 00 00 00 00 00 00 00 00 00 00 00 00 28 79 ff e2 61 
rx|0048|49|0a|0115|803c|00|00 48 49 0a 01 15 80 3c c7 00 00 00 00 00 00 00 00 00 00 00 00 00 00 00 00 00 00 00 00 00 00 00 00 00 00 00 00 00 00 00 00 00 00 28 32 ce f1 60 
rx|0049|49|0a|0115|803d|00|00 49 49 0a 01 15 80 3d c7 00 00 00 00 00 00 00 00 00 00 00 00 00 00 00 00 00 00 00 00 00 00 00 00 00 00 00 00 00 00 00 00 00 00 28 8a 1a c8 8f 
rx|004a|49|0a|0115|803e|00|00 4a 49 0a 01 15 80 3e c7 00 00 00 00 00 00 00 00 00 00 00 00 00 00 00 00 00 00 00 00 00 00 00 00 00 00 00 00 00 00 00 00 00 00 28 47 a7 9f 09 
rx|004b|49|0a|0115|803f|00|00 4b 49 0a 01 15 80 3f c7 00 00 00 00 00 00 00 00 00 00 00 00 00 00 00 00 00 00 00 00 00 00 00 00 00 00 00 00 00 00 00 00 00 00 28 ff 73 a6 e6 
rx|004c|49|0a|0115|8040|00|00 4c 49 0a 01 15 80 40 c7 00 00 00 00 00 00 00 00 00 00 00 00 00 00 00 00 00 00 00 00 00 00 00 00 00 00 00 00 00 00 00 00 00 00 28 18 ed 37 e2 
rx|004d|49|0a|0115|8041|00|00 4d 49 0a 01 15 80 41 c7 00 00 00 00 00 00 00 00 00 00 00 00 00 00 00 00 00 00 00 00 00 00 00 00 00 00 00 00 00 00 00 00 00 00 28 a0 39 0e 0d 
rx|004e|49|0a|0115|8042|00|00 4e 49 0a 01 15 80 42 c7 00 00 00 00 00 00 00 00 00 00 00 00 00 00 00 00 00 00 00 00 00 00 00 00 00 00 00 00 00 00 00 00 00 00 28 6d 84 59 8b 
rx|004f|49|0a|0115|8043|00|00 4f 49 0a 01 15 80 43 c7 00 00 00 00 00 00 00 00 00 00 00 00 00 00 00 00 00 00 00 00 00 00 00 00 00 00 00 00 00 00 00 00 00 00 28 d5 50 60 64 
rx|0050|49|0a|0115|8044|00|00 50 49 0a 01 15 80 44 c7 00 00 00 00 00 00 00 00 00 00 00 00 00 00 00 00 00 00 00 00 00 00 00 00 00 00 00 00 00 00 00 00 00 00 28 46 dc 43 cf 
rx|0051|49|0a|0115|8045|00|00 51 49 0a 01 15 80 45 c7 00 00 00 00 00 00 00 00 00 00 00 00 00 00 00 00 00 00 00 00 00 00 00 00 00 00 00 00 00 00 00 00 00 00 28 fe 08 7a 20 
rx|0052|49|0a|0115|8046|00|00 52 49 0a 01 15 80 46 c7 00 00 00 00 00 00 00 00 00 00 00 00 00 00 00 00 00 00 00 00 00 00 00 00 00 00 00 00 00 00 00 00 00 00 28 33 b5 2d a6 
rx|0053|49|0a|0115|8047|00|00 53 49 0a 01 15 80 47 c7 00 00 00 00 00 00 00 00 00 00 00 00 00 00 00 00 00 00 00 00 00 00 00 00 00 00 00 00 00 00 00 00 00 00 28 8b 61 14 49 
rx|0054|48|0a|0115|8000|00|00 54 48 0a 01 15 80 00 21 f0 00 0a 01 00 00 00 00 00 00 00 08 00 06 00 00 00 00 00 00 00 00 00 00 00 00 00 00 00 00 00 00 00 00 28 f6 c0 e0 d9 
rx|0055|48|0a|0115|8004|00|00 55 48 0a 01 15 80 04 21 f0 00 0a 01 00 00 00 00 00 00 00 08 00 06 00 00 00 00 00 00 00 00 00 00 00 00 00 00 00 00 00 00 00 00 28 46 1e c7 f0 
rx|0056|48|0a|0115|8010|00|00 56 48 0a 01 15 80 10 21 f0 00 0a 01 00 00 00 00 00 00 00 08 00 06 00 00 00 00 00 00 00 00 00 00 00 00 00 00 00 00 00 00 00 00 28 50 32 ea 41 
rx|0057|48|0a|0115|800c|00|00 57 48 0a 01 15 80 0c 21 f0 00 0a 01 00 00 00 00 00 00 00 08 00 06 00 00 00 00 00 00 00 00 00 00 00 00 00 00 00 00 00 00 00 00 28 23 63 94 15 
rx|0058|44|0a|010c|0ffd|00|00 58 44 0a 01 0c 0f fd 0f fd 80 00 02 80 00 00 00 00 00 00 00 00 00 00 00 00 00 00 00 00 00 00 00 00 00 00 00 00 00 00 00 00 00 28 64 3f 6f 84 
rx|0059|44|0a|0110|047d|00|00 59 44 0a 01 10 04 7d 05 ee 00 00 00 00 00 00 00 00 00 00 00 00 00 00 00 00 00 00 00 00 00 00 00 00 00 00 00 00 00 00 00 00 00 28 2a 12 51 75 
rx|005a|44|0a|002d|007d|00|00 5a 44 0a 00 2d 00 7d 00 01 00 00 00 00 00 00 00 00 00 00 00 00 00 00 00 00 00 00 00 00 00 00 00 00 00 00 00 00 00 00 00 00 00 28 fe 94 dc 0f 
rx|005b|44|0a|010a|0ffd|00|00 5b 44 0a 01 0a 0f fd 0f fd 01 00 7d 00 00 04 7d 00 00 00 00 00 00 00 00 00 00 00 00 00 00 00 00 00 00 00 00 00 00 00 00 00 00 28 84 68 3e 5f 
rx|005c|44|0a|002f|04ee|00|00 5c 44 0a 00 2f 04 ee 00 7d 42 05 0f fd 00 00 00 01 00 01 00 00 00 00 00 00 00 00 00 00 00 00 00 00 00 00 00 00 00 00 00 00 00 28 53 0d f3 6a 
rx|005d|44|0a|010c|0ffe|00|00 5d 44 0a 01 0c 0f fe 0f fe 80 00 02 80 00 00 00 00 00 00 00 00 00 00 00 00 00 00 00 00 00 00 00 00 00 00 00 00 00 00 00 00 00 28 aa 76 0e 3f 
rx|005e|44|0a|0110|047f|00|00 5e 44 0a 01 10 04 7f 05 ee 00 00 00 00 00 00 00 00 00 00 00 00 00 00 00 00 00 00 00 00 00 00 00 00 00 00 00 00 00 00 00 00 00 28 05 77 c4 e7 
rx|005f|44|0a|002d|047f|00|00 5f 44 0a 00 2d 04 7f 00 01 00 00 00 00 00 00 00 00 00 00 00 00 00 00 00 00 00 00 00 00 00 00 00 00 00 00 00 00 00 00 00 00 00 28 d0 b1 0e 33 
rx|0060|44|0a|0119|047f|00|00 60 44 0a 01 19 04 7f 0f fe 01 04 7f 00 00 04 7f 00 00 00 00 00 00 00 00 00 00 00 00 00 00 00 00 00 00 00 00 00 00 00 00 00 00 28 e3 25 61 0c 
rx|0061|44|0a|002f|04f0|00|00 61 44 0a 00 2f 04 f0 04 7f 41 06 04 7f 00 00 00 01 00 01 00 00 00 00 00 00 00 00 00 00 00 00 00 00 00 00 00 00 00 00 00 00 00 28 2b 35 00 f4 
rx|0062|44|0a|002f|04ef|00|00 62 44 0a 00 2f 04 ef 04 7f 42 01 ff ff 00 00 00 01 00 01 00 00 00 00 00 00 00 00 00 00 00 00 00 00 00 00 00 00 00 00 00 00 00 28 25 99 22 42 
rx|0063|48|0a|0107|8001|00|00 63 48 0a 01 07 80 01 20 00 00 30 00 00 00 00 00 00 00 00 00 00 00 00 00 00 00 00 00 00 00 00 00 00 00 00 00 00 00 00 00 00 00 28 e7 70 a1 a5 
rx|0064|44|0a|010c|0094|00|00 64 44 0a 01 0c 00 94 00 94 80 00 03 80 00 00 00 00 00 00 00 00 00 00 00 00 00 00 00 00 00 00 00 00 00 00 00 00 00 00 00 00 00 28 57 33 c6 c4 
rx|0065|44|0a|010c|0095|00|00 65 44 0a 01 0c 00 95 00 95 80 01 03 80 04 00 00 00 00 00 00 00 00 00 00 00 00 00 00 00 00 00 00 00 00 00 00 00 00 00 00 00 00 28 bd ad d1 fa 
rx|0066|44|0a|010c|0096|00|00 66 44 0a 01 0c 00 96 00 96 80 04 03 80 10 00 00 00 00 00 00 00 00 00 00 00 00 00 00 00 00 00 00 00 00 00 00 00 00 00 00 00 00 28 b0 4a 38 80 
rx|0067|44|0a|010c|0097|00|00 67 44 0a 01 0c 00 97 00 97 80 03 03 80 0c 00 00 00 00 00 00 00 00 00 00 00 00 00 00 00 00 00 00 00 00 00 00 00 00 00 00 00 00 28 6c 50 e2 31 
rx|0068|44|0a|010c|0098|00|00 68 44 0a 01 0c 00 98 00 98 80 00 03 80 00 00 00 00 00 00 00 00 00 00 00 00 00 00 00 00 00 00 00 00 00 00 00 00 00 00 00 00 00 28 d7 b6 ce 0e 
rx|0069|44|0a|010c|0099|00|00 69 44 0a 01 0c 00 99 00 99 80 01 03 80 04 00 00 00 00 00 00 00 00 00 00 00 00 00 00 00 00 00 00 00 00 00 00 00 00 00 00 00 00 28 3d 28 d9 30 
rx|006a|44|0a|010c|009a|00|00 6a 44 0a 01 0c 00 9a 00 9a 80 04 03 80 10 00 00 00 00 00 00 00 00 00 00 00 00 00 00 00 00 00 00 00 00 00 00 00 00 00 00 00 00 28 30 cf 30 4a 
rx|006b|44|0a|010c|009b|00|00 6b 44 0a 01 0c 00 9b 00 9b 80 03 03 80 0c 00 00 00 00 00 00 00 00 00 00 00 00 00 00 00 00 00 00 00 00 00 00 00 00 00 00 00 00 28 ec d5 ea fb 
rx|006c|44|0a|010c|009c|00|00 6c 44 0a 01 0c 00 9c 00 9c 80 00 03 80 00 00 00 00 00 00 00 00 00 00 00 00 00 00 00 00 00 00 00 00 00 00 00 00 00 00 00 00 00 28 54 75 3d 25 
rx|006d|44|0a|010c|009d|00|00 6d 44 0a 01 0c 00 9d 00 9d 80 01 03 80 04 00 00 00 00 00 00 00 00 00 00 00 00 00 00 00 00 00 00 00 00 00 00 00 00 00 00 00 00 28 be eb 2a 1b 
rx|006e|44|0a|010c|009e|00|00 6e 44 0a 01 0c 00 9e 00 9e 80 04 03 80 10 00 00 00 00 00 00 00 00 00 00 00 00 00 00 00 00 00 00 00 00 00 00 00 00 00 00 00 00 28 b3 0c c3 61 
rx|006f|44|0a|010c|009f|00|00 6f 44 0a 01 0c 00 9f 00 9f 80 03 03 80 0c 00 00 00 00 00 00 00 00 00 00 00 00 00 00 00 00 00 00 00 00 00 00 00 00 00 00 00 00 28 6f 16 19 d0 
rx|0070|44|0a|010c|00a0|00|00 70 44 0a 01 0c 00 a0 00 a0 80 00 03 80 00 00 00 00 00 00 00 00 00 00 00 00 00 00 00 00 00 00 00 00 00 00 00 00 00 00 00 00 00 28 6a dd 51 4a 
rx|0071|44|0a|010c|00a1|00|00 71 44 0a 01 0c 00 a1 00 a1 80 01 03 80 04 00 00 00 00 00 00 00 00 00 00 00 00 00 00 00 00 00 00 00 00 00 00 00 00 00 00 00 00 28 80 43 46 74 
rx|0072|44|0a|010c|00a2|00|00 72 44 0a 01 0c 00 a2 00 a2 80 04 03 80 10 00 00 00 00 00 00 00 00 00 00 00 00 00 00 00 00 00 00 00 00 00 00 00 00 00 00 00 00 28 8d a4 af 0e 
rx|0073|44|0a|010c|00a3|00|00 73 44 0a 01 0c 00 a3 00 a3 80 03 03 80 0c 00 00 00 00 00 00 00 00 00 00 00 00 00 00 00 00 00 00 00 00 00 00 00 00 00 00 00 00 28 51 be 75 bf 
rx|0074|44|0a|010c|00a4|00|00 74 44 0a 01 0c 00 a4 00 a4 80 03 03 80 0c 00 00 00 00 00 00 00 00 00 00 00 00 00 00 00 00 00 00 00 00 00 00 00 00 00 00 00 00 28 70 3c 4a 7d 
rx|0075|44|0a|002d|0401|00|00 75 44 0a 00 2d 04 01 00 01 00 00 00 00 00 00 00 00 00 00 00 00 00 00 00 00 00 00 00 00 00 00 00 00 00 00 00 00 00 00 00 00 00 28 e2 51 80 9f 
rx|0076|44|0a|0110|0401|00|00 76 44 0a 01 10 04 01 05 ee 00 00 00 00 00 00 00 00 00 00 00 00 00 00 00 00 00 00 00 00 00 00 00 00 00 00 00 00 00 00 00 00 00 28 ef d0 25 e8 
rx|0077|44|0a|0082|0401|00|00 77 44 0a 00 82 04 01 ff ff ff ff ff ff ff ff ff ff ff ff ff ff ff ff ff ff 00 00 00 00 00 00 00 00 00 00 00 00 00 00 00 00 00 28 2c 71 72 2e 
rx|0078|44|0a|010a|0094|00|00 78 44 0a 01 0a 00 94 00 94 05 04 01 04 01 04 01 00 00 00 00 00 00 00 00 00 00 00 00 00 00 00 00 00 00 00 00 00 00 00 00 00 00 28 fb 41 9b 52 
rx|0079|44|0a|010a|0095|00|00 79 44 0a 01 0a 00 95 00 95 05 04 01 04 01 04 01 00 00 00 00 00 00 00 00 00 00 00 00 00 00 00 00 00 00 00 00 00 00 00 00 00 00 28 9a 81 20 f5 
rx|007a|44|0a|010a|0096|00|00 7a 44 0a 01 0a 00 96 00 96 05 04 01 04 01 04 01 00 00 00 00 00 00 00 00 00 00 00 00 00 00 00 00 00 00 00 00 00 00 00 00 00 00 28 38 c0 ec 1c 
rx|007b|44|0a|010a|0097|00|00 7b 44 0a 01 0a 00 97 00 97 05 04 01 04 01 04 01 00 00 00 00 00 00 00 00 00 00 00 00 00 00 00 00 00 00 00 00 00 00 00 00 00 00 28 59 00 57 bb 
rx|007c|48|0a|0082|0401|00|00 7c 48 0a 00 82 04 01 7f 80 00 94 00 94 00 95 00 95 00 96 00 96 00 97 00 97 00 00 00 00 00 00 00 00 00 00 00 00 00 00 00 00 00 28 48 08 23 c6 
rx|007d|44|0a|002f|0481|00|00 7d 44 0a 00 2f 04 81 04 01 01 03 04 01 00 00 00 01 00 01 00 00 00 00 00 00 00 00 00 00 00 00 00 00 00 00 00 00 00 00 00 00 00 28 e1 f9 bd 32 
rx|007e|44|0a|002f|0401|00|00 7e 44 0a 00 2f 04 01 04 01 02 01 04 01 00 00 00 01 00 01 00 00 00 00 00 00 00 00 00 00 00 00 00 00 00 00 00 00 00 00 00 00 00 28 d6 e0 0f 17 
rx|007f|44|0a|004e|0401|00|00 7f 44 0a 00 4e 04 01 00 00 00 00 00 00 00 00 00 00 00 00 00 00 00 00 00 00 00 00 00 00 00 00 00 00 00 00 00 00 00 00 00 00 00 28 f7 e3 6f 0e 
rx|0080|44|0a|0054|0401|00|00 80 44 0a 00 54 04 01 00 00 00 00 00 00 00 00 00 00 00 00 00 00 00 00 00 00 00 00 00 00 00 00 04 00 00 00 00 00 00 00 00 00 00 28 78 d1 62 e6 
rx|0081|44|0a|00f0|0401|00|00 81 44 0a 00 f0 04 01 00 00 00 00 00 00 00 00 00 00 00 00 00 00 00 00 00 00 00 00 00 00 00 00 00 00 00 00 00 00 00 00 00 00 00 28 8f f7 5a e7 
rx|0082|44|0a|002d|0402|00|00 82 44 0a 00 2d 04 02 00 01 00 00 00 00 00 00 00 00 00 00 00 00 00 00 00 00 00 00 00 00 00 00 00 00 00 00 00 00 00 00 00 00 00 28 46 7d 75 32 
rx|0083|44|0a|0110|0402|00|00 83 44 0a 01 10 04 02 05 ee 00 00 00 00 00 00 00 00 00 00 00 00 00 00 00 00 00 00 00 00 00 00 00 00 00 00 00 00 00 00 00 00 00 28 93 bb bf e6 
rx|0084|44|0a|0082|0402|00|00 84 44 0a 00 82 04 02 ff ff ff ff ff ff ff ff ff ff ff ff ff ff ff ff ff ff 00 00 00 00 00 00 00 00 00 00 00 00 00 00 00 00 00 28 3c 12 45 72 
rx|0085|44|0a|010a|0098|00|00 85 44 0a 01 0a 00 98 00 98 05 04 02 04 02 04 02 00 00 00 00 00 00 00 00 00 00 00 00 00 00 00 00 00 00 00 00 00 00 00 00 00 00 28 a7 a1 7c c8 
rx|0086|44|0a|010a|0099|00|00 86 44 0a 01 0a 00 99 00 99 05 04 02 04 02 04 02 00 00 00 00 00 00 00 00 00 00 00 00 00 00 00 00 00 00 00 00 00 00 00 00 00 00 28 1e 26 a8 cc 
rx|0087|44|0a|010a|009a|00|00 87 44 0a 01 0a 00 9a 00 9a 05 04 02 04 02 04 02 00 00 00 00 00 00 00 00 00 00 00 00 00 00 00 00 00 00 00 00 00 00 00 00 00 00 28 64 20 0b 86 
rx|0088|44|0a|010a|009b|00|00 88 44 0a 01 0a 00 9b 00 9b 05 04 02 04 02 04 02 00 00 00 00 00 00 00 00 00 00 00 00 00 00 00 00 00 00 00 00 00 00 00 00 00 00 28 05 b6 85 26 
rx|0089|48|0a|0082|0402|00|00 89 48 0a 00 82 04 02 7f 80 00 98 00 98 00 99 00 99 00 9a 00 9a 00 9b 00 9b 00 00 00 00 00 00 00 00 00 00 00 00 00 00 00 00 00 28 ec 05 4d df 
rx|008a|44|0a|002f|0482|00|00 8a 44 0a 00 2f 04 82 04 02 03 03 04 02 00 00 00 01 00 01 00 00 00 00 00 00 00 00 00 00 00 00 00 00 00 00 00 00 00 00 00 00 00 28 79 dd dc 11 
rx|008b|44|0a|002f|0402|00|00 8b 44 0a 00 2f 04 02 04 02 04 01 04 02 00 00 00 01 00 01 00 00 00 00 00 00 00 00 00 00 00 00 00 00 00 00 00 00 00 00 00 00 00 28 f4 4f 37 45 
rx|008c|44|0a|004e|0402|00|00 8c 44 0a 00 4e 04 02 00 00 00 00 00 00 00 00 00 00 00 00 00 00 00 00 00 00 00 00 00 00 00 00 00 00 00 00 00 00 00 00 00 00 00 28 e7 80 58 52 
rx|008d|44|0a|0054|0402|00|00 8d 44 0a 00 54 04 02 00 00 00 00 00 00 00 00 00 00 00 00 00 00 00 00 00 00 00 00 00 00 00 00 04 00 00 00 00 00 00 00 00 00 00 28 b5 3a 00 67 
rx|008e|44|0a|002d|0403|00|00 8e 44 0a 00 2d 04 03 00 01 00 00 00 00 00 00 00 00 00 00 00 00 00 00 00 00 00 00 00 00 00 00 00 00 00 00 00 00 00 00 00 00 00 28 c8 fb 2f 73 
rx|008f|44|0a|0110|0403|00|00 8f 44 0a 01 10 04 03 05 ee 00 00 00 00 00 00 00 00 00 00 00 00 00 00 00 00 00 00 00 00 00 00 00 00 00 00 00 00 00 00 00 00 00 28 1d 3d e5 a7 
rx|0090|44|0a|0082|0403|00|00 90 44 0a 00 82 04 03 ff ff ff ff ff ff ff ff ff ff ff ff ff ff ff ff ff ff 00 00 00 00 00 00 00 00 00 00 00 00 00 00 00 00 00 28 06 77 b7 cc 
rx|0091|44|0a|010a|009c|00|00 91 44 0a 01 0a 00 9c 00 9c 05 04 03 04 03 04 03 00 00 00 00 00 00 00 00 00 00 00 00 00 00 00 00 00 00 00 00 00 00 00 00 00 00 28 a6 77 d2 c9 
rx|0092|44|0a|010a|009d|00|00 92 44 0a 01 0a 00 9d 00 9d 05 04 03 04 03 04 03 00 00 00 00 00 00 00 00 00 00 00 00 00 00 00 00 00 00 00 00 00 00 00 00 00 00 28 1f f0 06 cd 
rx|0093|44|0a|010a|009e|00|00 93 44 0a 01 0a 00 9e 00 9e 05 04 03 04 03 04 03 00 00 00 00 00 00 00 00 00 00 00 00 00 00 00 00 00 00 00 00 00 00 00 00 00 00 28 65 f6 a5 87 
rx|0094|44|0a|010a|009f|00|00 94 44 0a 01 0a 00 9f 00 9f 05 04 03 04 03 04 03 00 00 00 00 00 00 00 00 00 00 00 00 00 00 00 00 00 00 00 00 00 00 00 00 00 00 28 68 3e b3 72 
rx|0095|48|0a|0082|0403|00|00 95 48 0a 00 82 04 03 7f 80 00 9c 00 9c 00 9d 00 9d 00 9e 00 9e 00 9f 00 9f 00 00 00 00 00 00 00 00 00 00 00 00 00 00 00 00 00 28 0e 5c 80 54 
rx|0096|44|0a|002f|0483|00|00 96 44 0a 00 2f 04 83 04 03 05 03 04 03 00 00 00 01 00 01 00 00 00 00 00 00 00 00 00 00 00 00 00 00 00 00 00 00 00 00 00 00 00 28 84 d6 15 71 
rx|0097|44|0a|002f|0403|00|00 97 44 0a 00 2f 04 03 04 03 06 01 04 03 00 00 00 01 00 01 00 00 00 00 00 00 00 00 00 00 00 00 00 00 00 00 00 00 00 00 00 00 00 28 6b 88 c8 f7 
rx|0098|44|0a|004e|0403|00|00 98 44 0a 00 4e 04 03 00 00 00 00 00 00 00 00 00 00 00 00 00 00 00 00 00 00 00 00 00 00 00 00 00 00 00 00 00 00 00 00 00 00 00 28 dd e5 aa ec 
rx|0099|44|0a|0054|0403|00|00 99 44 0a 00 54 04 03 00 00 00 00 00 00 00 00 00 00 00 00 00 00 00 00 00 00 00 00 00 00 00 00 04 00 00 00 00 00 00 00 00 00 00 28 8f 5f f2 d9 
rx|009a|44|0a|002d|0404|00|00 9a 44 0a 00 2d 04 04 00 01 00 00 00 00 00 00 00 00 00 00 00 00 00 00 00 00 00 00 00 00 00 00 00 00 00 00 00 00 00 00 00 00 00 28 01 2d c2 24 
rx|009b|44|0a|0110|0404|00|00 9b 44 0a 01 10 04 04 05 ee 00 00 00 00 00 00 00 00 00 00 00 00 00 00 00 00 00 00 00 00 00 00 00 00 00 00 00 00 00 00 00 00 00 28 d4 eb 08 f0 
rx|009c|44|0a|0082|0404|00|00 9c 44 0a 00 82 04 04 ff ff ff ff ff ff ff ff ff ff ff ff ff ff ff ff ff ff 00 00 00 00 00 00 00 00 00 00 00 00 00 00 00 00 00 28 7b 42 f2 64 
rx|009d|44|0a|010a|00a0|00|00 9d 44 0a 01 0a 00 a0 00 a0 05 04 04 04 04 04 04 00 00 00 00 00 00 00 00 00 00 00 00 00 00 00 00 00 00 00 00 00 00 00 00 00 00 28 c1 fa 93 3b 
rx|009e|44|0a|010a|00a1|00|00 9e 44 0a 01 0a 00 a1 00 a1 05 04 04 04 04 04 04 00 00 00 00 00 00 00 00 00 00 00 00 00 00 00 00 00 00 00 00 00 00 00 00 00 00 28 78 7d 47 3f 
rx|009f|44|0a|010a|00a2|00|00 9f 44 0a 01 0a 00 a2 00 a2 05 04 04 04 04 04 04 00 00 00 00 00 00 00 00 00 00 00 00 00 00 00 00 00 00 00 00 00 00 00 00 00 00 28 02 7b e4 75 
rx|00a0|44|0a|010a|00a3|00|00 a0 44 0a 01 0a 00 a3 00 a3 05 04 04 04 04 04 04 00 00 00 00 00 00 00 00 00 00 00 00 00 00 00 00 00 00 00 00 00 00 00 00 00 00 28 0e eb 26 9c 
rx|00a1|48|0a|0082|0404|00|00 a1 48 0a 00 82 04 04 7f 80 00 a0 00 a0 00 a1 00 a1 00 a2 00 a2 00 a3 00 a3 00 00 00 00 00 00 00 00 00 00 00 00 00 00 00 00 00 28 c6 8f 13 72 
rx|00a2|44|0a|002f|0484|00|00 a2 44 0a 00 2f 04 84 04 04 07 03 04 04 00 00 00 01 00 01 00 00 00 00 00 00 00 00 00 00 00 00 00 00 00 00 00 00 00 00 00 00 00 28 2b 9a 0e 52 
rx|00a3|44|0a|002f|0404|00|00 a3 44 0a 00 2f 04 04 04 04 08 01 04 04 00 00 00 01 00 01 00 00 00 00 00 00 00 00 00 00 00 00 00 00 00 00 00 00 00 00 00 00 00 28 63 90 88 a2 
rx|00a4|44|0a|004e|0404|00|00 a4 44 0a 00 4e 04 04 00 00 00 00 00 00 00 00 00 00 00 00 00 00 00 00 00 00 00 00 00 00 00 00 00 00 00 00 00 00 00 00 00 00 00 28 cd d6 a3 0d 
rx|00a5|44|0a|0054|0404|00|00 a5 44 0a 00 54 04 04 00 00 00 00 00 00 00 00 00 00 00 00 00 00 00 00 00 00 00 00 00 00 00 00 04 00 00 00 00 00 00 00 00 00 00 28 9f 6c fb 38 
rx|00a6|44|0a|002d|0400|00|00 a6 44 0a 00 2d 04 00 00 01 00 00 00 00 00 00 00 00 00 00 00 00 00 00 00 00 00 00 00 00 00 00 00 00 00 00 00 00 00 00 00 00 00 28 ea a7 ca ea 
rx|00a7|44|0a|0110|0000|00|00 a7 44 0a 01 10 00 00 05 ee 00 00 00 00 00 00 00 00 00 00 00 00 00 00 00 00 00 00 00 00 00 00 00 00 00 00 00 00 00 00 00 00 00 28 e6 66 28 33 
rx|00a8|44|0a|010a|00a4|00|00 a8 44 0a 01 0a 00 a4 00 a4 01 04 00 00 00 00 00 00 00 00 00 00 00 00 00 00 00 00 00 00 00 00 00 00 00 00 00 00 00 00 00 00 00 28 99 d0 be bd 
rx|00a9|44|0a|002f|0080|00|00 a9 44 0a 00 2f 00 80 04 00 09 05 00 a4 00 00 00 01 00 01 00 00 00 00 00 00 00 00 00 00 00 00 00 00 00 00 00 00 00 00 00 00 00 28 1d d0 5e 0b 
rx|00aa|44|0a|002f|0000|00|00 aa 44 0a 00 2f 00 00 04 00 0a 04 00 00 00 00 00 01 00 01 00 00 00 00 00 00 00 00 00 00 00 00 00 00 00 00 00 00 00 00 00 00 00 28 fc 23 07 f7 
rx|00ab|44|0a|004e|0000|00|00 ab 44 0a 00 4e 00 00 00 00 00 00 01 00 00 00 00 00 00 00 00 00 00 00 00 00 00 00 00 00 00 00 00 00 00 00 00 00 00 00 00 00 00 28 b6 b7 4a 79 
rx|00ac|44|0a|002f|04df|00|00 ac 44 0a 00 2f 04 df 00 7d 44 01 04 01 00 00 00 01 00 01 00 00 00 00 00 00 00 00 00 00 00 00 00 00 00 00 00 00 00 00 00 00 00 28 7f 46 47 99 
rx|00ad|44|0a|002f|04de|00|00 ad 44 0a 00 2f 04 de 00 7d 45 01 04 02 00 00 00 01 00 01 00 00 00 00 00 00 00 00 00 00 00 00 00 00 00 00 00 00 00 00 00 00 00 28 3f d3 e9 91 
rx|00ae|44|0a|002f|04dd|00|00 ae 44 0a 00 2f 04 dd 00 7d 46 01 04 03 00 00 00 01 00 01 00 00 00 00 00 00 00 00 00 00 00 00 00 00 00 00 00 00 00 00 00 00 00 28 78 55 2a 69 
rx|00af|44|0a|002f|04dc|00|00 af 44 0a 00 2f 04 dc 00 7d 47 01 04 04 00 00 00 01 00 01 00 00 00 00 00 00 00 00 00 00 00 00 00 00 00 00 00 00 00 00 00 00 00 28 be f8 b5 81 
rx|00b0|44|0a|002f|04e1|00|00 b0 44 0a 00 2f 04 e1 00 7d 41 04 00 00 00 00 00 01 00 01 00 00 00 00 00 00 00 00 00 00 00 00 00 00 00 00 00 00 00 00 00 00 00 28 2f 56 05 e4 
rx|00b1|48|0a|000b|0401|00|00 b1 48 0a 00 0b 04 01 28 00 00 00 00 00 00 00 00 00 00 00 00 00 00 00 00 00 00 00 00 00 00 00 00 00 00 00 00 00 00 00 00 00 00 28 28 00 79 90 
rx|00b2|48|0a|000b|0402|00|00 b2 48 0a 00 0b 04 02 28 00 00 00 00 00 00 00 00 00 00 00 00 00 00 00 00 00 00 00 00 00 00 00 00 00 00 00 00 00 00 00 00 00 00 28 e5 bd 2e 16 
rx|00b3|48|0a|000b|0403|00|00 b3 48 0a 00 0b 04 03 28 00 00 00 00 00 00 00 00 00 00 00 00 00 00 00 00 00 00 00 00 00 00 00 00 00 00 00 00 00 00 00 00 00 00 28 5d 69 17 f9 
rx|00b4|48|0a|000b|0404|00|00 b4 48 0a 00 0b 04 04 28 00 00 00 00 00 00 00 00 00 00 00 00 00 00 00 00 00 00 00 00 00 00 00 00 00 00 00 00 00 00 00 00 00 00 28 7a 06 9c ad 
rx|00b5|48|0a|002f|0401|00|00 b5 48 0a 00 2f 04 01 00 20 00 00 00 00 00 00 00 00 00 00 00 00 00 00 00 00 00 00 00 00 00 00 00 00 00 00 00 00 00 00 00 00 00 28 99 b7 76 8a 
rx|00b6|48|0a|004e|0401|00|00 b6 48 0a 00 4e 04 01 e0 00 02 02 00 01 00 00 00 00 00 00 00 00 00 00 00 00 00 00 00 00 00 00 00 00 00 00 00 00 00 00 00 00 00 28 5c 97 d1 ce 
rx|00b7|48|0a|0054|0401|00|00 b7 48 0a 00 54 04 01 40 00 00 00 00 00 00 00 00 00 00 00 00 00 00 00 00 00 00 00 00 00 00 00 00 00 00 00 00 00 00 00 00 00 00 28 13 6f 65 cc 
rx|00b8|48|0a|00f0|0401|00|00 b8 48 0a 00 f0 04 01 80 00 00 10 00 00 00 00 00 00 00 00 00 00 00 00 00 00 00 00 00 00 00 00 00 00 00 00 00 00 00 00 00 00 00 28 1f 9b 44 c2 
rx|00b9|48|0a|0082|0401|00|00 b9 48 0a 00 82 04 01 00 70 01 00 00 00 00 00 00 00 00 00 00 00 00 00 00 00 00 00 00 00 00 00 00 00 00 00 00 00 00 00 00 00 00 28 11 51 7c 8d 
rx|00ba|48|0a|004e|0000|00|00 ba 48 0a 00 4e 00 00 e0 00 02 02 00 01 00 00 00 00 00 00 00 00 00 00 00 00 00 00 00 00 00 00 00 00 00 00 00 00 00 00 00 00 00 28 0b 16 a3 82 
rx|00bb|48|0a|002f|0402|00|00 bb 48 0a 00 2f 04 02 00 20 00 00 00 00 00 00 00 00 00 00 00 00 00 00 00 00 00 00 00 00 00 00 00 00 00 00 00 00 00 00 00 00 00 28 62 58 42 a2 
rx|00bc|48|0a|004e|0402|00|00 bc 48 0a 00 4e 04 02 e0 00 02 02 00 01 00 00 00 00 00 00 00 00 00 00 00 00 00 00 00 00 00 00 00 00 00 00 00 00 00 00 00 00 00 28 13 37 27 17 
rx|00bd|48|0a|0054|0402|00|00 bd 48 0a 00 54 04 02 40 00 00 00 00 00 00 00 00 00 00 00 00 00 00 00 00 00 00 00 00 00 00 00 00 00 00 00 00 00 00 00 00 00 00 28 5c cf 93 15 
rx|00be|48|0a|0082|0402|00|00 be 48 0a 00 82 04 02 00 70 01 00 00 00 00 00 00 00 00 00 00 00 00 00 00 00 00 00 00 00 00 00 00 00 00 00 00 00 00 00 00 00 00 28 68 a3 e9 fa 
rx|00bf|48|0a|002f|0403|00|00 bf 48 0a 00 2f 04 03 00 20 00 00 00 00 00 00 00 00 00 00 00 00 00 00 00 00 00 00 00 00 00 00 00 00 00 00 00 00 00 00 00 00 00 28 80 80 80 b6 
rx|00c0|48|0a|004e|0403|00|00 c0 48 0a 00 4e 04 03 e0 00 02 02 00 01 00 00 00 00 00 00 00 00 00 00 00 00 00 00 00 00 00 00 00 00 00 00 00 00 00 00 00 00 00 28 9f 00 d5 6e 
rx|00c1|48|0a|0054|0403|00|00 c1 48 0a 00 54 04 03 40 00 00 00 00 00 00 00 00 00 00 00 00 00 00 00 00 00 00 00 00 00 00 00 00 00 00 00 00 00 00 00 00 00 00 28 d0 f8 61 6c 
rx|00c2|48|0a|0082|0403|00|00 c2 48 0a 00 82 04 03 00 70 01 00 00 00 00 00 00 00 00 00 00 00 00 00 00 00 00 00 00 00 00 00 00 00 00 00 00 00 00 00 00 00 00 28 e4 94 1b 83 
rx|00c3|48|0a|002f|0404|00|00 c3 48 0a 00 2f 04 04 00 20 00 00 00 00 00 00 00 00 00 00 00 00 00 00 00 00 00 00 00 00 00 00 00 00 00 00 00 00 00 00 00 00 00 28 ff 04 6d 26 
rx|00c4|48|0a|004e|0404|00|00 c4 48 0a 00 4e 04 04 e0 00 02 02 00 01 00 00 00 00 00 00 00 00 00 00 00 00 00 00 00 00 00 00 00 00 00 00 00 00 00 00 00 00 00 28 8e 6b 08 93 
rx|00c5|48|0a|0054|0404|00|00 c5 48 0a 00 54 04 04 40 00 00 00 00 00 00 00 00 00 00 00 00 00 00 00 00 00 00 00 00 00 00 00 00 00 00 00 00 00 00 00 00 00 00 28 c1 93 bc 91 
rx|00c6|48|0a|0082|0404|00|00 c6 48 0a 00 82 04 04 00 70 01 00 00 00 00 00 00 00 00 00 00 00 00 00 00 00 00 00 00 00 00 00 00 00 00 00 00 00 00 00 00 00 00 28 f5 ff c6 7e 
rx|00c7|49|0a|0054|0401|00|00 c7 49 0a 00 54 04 01 a0 00 00 00 00 00 00 00 00 00 00 00 00 00 00 00 00 00 00 00 00 00 00 00 00 00 00 00 00 00 00 00 00 00 00 28 89 c8 0d 57 
rx|00c8|48|0a|0054|0401|00|00 c8 48 0a 00 54 04 01 a0 00 02 00 00 00 00 00 00 00 00 00 00 00 00 00 00 00 00 00 00 00 00 00 00 00 01 00 00 00 00 00 00 00 00 28 d8 f9 77 cd 
rx|00c9|49|0a|0054|0402|00|00 c9 49 0a 00 54 04 02 a0 00 00 00 00 00 00 00 00 00 00 00 00 00 00 00 00 00 00 00 00 00 00 00 00 00 00 00 00 00 00 00 00 00 00 28 72 27 39 7f 
rx|00ca|48|0a|0054|0402|00|00 ca 48 0a 00 54 04 02 a0 00 02 00 00 00 00 00 00 00 00 00 00 00 00 00 00 00 00 00 00 00 00 00 00 00 01 00 00 00 00 00 00 00 00 28 fb 07 19 41 
rx|00cb|49|0a|0054|0403|00|00 cb 49 0a 00 54 04 03 a0 00 00 00 00 00 00 00 00 00 00 00 00 00 00 00 00 00 00 00 00 00 00 00 00 00 00 00 00 00 00 00 00 00 00 28 fc f7 56 39 
rx|00cc|48|0a|0054|0403|00|00 cc 48 0a 00 54 04 03 a0 00 02 00 00 00 00 00 00 00 00 00 00 00 00 00 00 00 00 00 00 00 00 00 00 00 01 00 00 00 00 00 00 00 00 28 c1 98 b4 f6 
rx|00cd|49|0a|0054|0404|00|00 cd 49 0a 00 54 04 04 a0 00 00 00 00 00 00 00 00 00 00 00 00 00 00 00 00 00 00 00 00 00 00 00 00 00 00 00 00 00 00 00 00 00 00 28 35 db e4 67 
rx|00ce|48|0a|0054|0404|00|00 ce 48 0a 00 54 04 04 a0 00 02 00 00 00 00 00 00 00 00 00 00 00 00 00 00 00 00 00 00 00 00 00 00 00 01 00 00 00 00 00 00 00 00 28 bc fb c4 59 
rx|00cf|49|0a|008a|0000|00|00 cf 49 0a 00 8a 00 00 fc 00 00 00 00 00 00 00 00 00 00 00 00 00 00 00 00 00 00 00 00 00 00 00 00 00 00 00 00 00 00 00 00 00 00 28 25 1b 7e 7e 
rx|00d0|49|0a|0086|0000|00|00 d0 49 0a 00 86 00 00 de 00 00 00 00 00 00 00 00 00 00 00 00 00 00 00 00 00 00 00 00 00 00 00 00 00 00 00 00 00 00 00 00 00 00 28 e9 87 74 23 
rx|00d1|49|0a|0086|0000|00|00 d1 49 0a 00 86 00 00 01 f8 00 00 00 00 00 00 00 00 00 00 00 00 00 00 00 00 00 00 00 00 00 00 00 00 00 00 00 00 00 00 00 00 00 28 6e f2 79 55 
rx|00d2|49|0a|0086|0000|00|00 d2 49 0a 00 86 00 00 20 00 00 00 00 00 00 00 00 00 00 00 00 00 00 00 00 00 00 00 00 00 00 00 00 00 00 00 00 00 00 00 00 00 00 28 39 2d b9 67 
rx|00d3|49|0a|0086|0000|00|00 d3 49 0a 00 86 00 00 00 04 00 00 00 00 00 00 00 00 00 00 00 00 00 00 00 00 00 00 00 00 00 00 00 00 00 00 00 00 00 00 00 00 00 28 57 65 a5 88 
rx|00d4|49|0a|0086|0000|00|00 d4 49 0a 00 86 00 00 00 02 00 00 00 00 00 00 00 00 00 00 00 00 00 00 00 00 00 00 00 00 00 00 00 00 00 00 00 00 00 00 00 00 00 28 0a d7 07 0e 
rx|00d5|48|0a|0035|0601|00|00 d5 48 0a 00 35 06 01 bf 00 01 00 00 ff 00 00 00 00 00 00 00 00 00 00 00 00 00 00 00 00 00 00 00 00 00 00 00 00 00 00 00 00 00 28 39 8b d1 f7 
rx|00d6|48|0a|0035|0602|00|00 d6 48 0a 00 35 06 02 bf 00 01 00 00 ff 00 00 00 00 00 00 00 00 00 00 00 00 00 00 00 00 00 00 00 00 00 00 00 00 00 00 00 00 00 28 f4 36 86 71 
rx|00d7|58|0a|0100|0000|00|00 d7 58 0a 01 00 00 00 00 00 00 00 00 00 00 00 00 00 00 00 00 00 00 00 00 00 00 00 00 00 00 00 00 00 00 00 00 00 00 00 00 00 00 28 fd 32 1f 3d 
